hero 1500 200
block 400 200 1 1
ground -200 -200 200 600
ground 0 200 600 200
ground 650 200 600 200
ground 1300 200 600 200
spike 160 200 4
spike 300 200 4
barrier 500 200 2 2
spike 750 200 5
spike 800 200 5 1
spike 850 200 5
spike 900 200 5 1
spike 950 200 5
spike 1000 200 5 1
spike 1050 200 5
spike 1100 200 5 1
spike 1150 200 5
spike 1200 200 5 1
ground 1950 -200 200 1000
ground 800 600 1200 200
block 1700 200 2 2
block 1630 200 1 1
block 1770 200 1 5
block 1900 200 1 6
ladder 1400 200 3
ladder 1905 600 11