hero 60 200
door 2025 200
ground -300 -300 3000 300
ground -300 1600 3000 300
ground -300 -300 300 2200
ground 2400 -300 300 2200
spike 0 1600 240
ground -200 -200 200 600
ground 0 200 600 200
ground 650 200 600 200
ground 1320 200 580 200
spike 160 200 4
spike 300 200 4
spike 750 200 5
spike 800 200 5 2
spike 850 200 5
spike 900 200 5 3
spike 950 200 5
spike 1000 200 5 8
spike 1050 200 5
spike 1100 200 5 6
spike 1150 200 5
spike 1200 200 5 2
ground 1950 200 200 1000
ground 800 600 1200 200
block 1650 200 1 1
barrier 1900 200 1 6
ladder 1905 500 10
laser 1235 300 1320 300 3
laser 1600 -18 1600 200 7
ground 1430 400 40 100
gate 1450 500 600
button 1100 600
gate 1650 500 600
button 1350 600
ground 1800 0 100 200
ground 2100 0 300 1000
block 1700 600 1 3
barrier 1200 600 2 5
block 1500 600 1 1
ground 1630 400 40 100